gauss_0 PDE 1994  6  9  0 33 16.40 -13.8300  -67.5600 637.0 6.9 6.8 NORTHERNBOLIVIA
event name:     060994A
time shift:      0.0000
half duration:  20.0000
latitude:      90.0
longitude:     0.
depth:         100.0
Mrr:      1.0000e+27
Mtt:       0.0000e+27
Mpp:      0.000000e+27
Mrt:      0.00000e+27
Mrp:       0.000e+27
Mtp:      0.00000e+27
